005317
006717
001545
001987
005679
002994
007094
001487
001857
001883
002649
002615
004865
005148
006329
005069
003295
006619
003647
005814
001088
006121
001021
001663
004658
000168
005327
001308
007242
002036
005958
004026
002467
003201
004240
002650
001642
003217
004210
006709
000505
006646
005353
005453
004940
006047
006877
000157
002065
007365
007423
002093
004811
003004
007277
006985
002448
007197
002083
001282
005272
004019
003330
007414
002113
005049
006040
004782
000840
004542
005202
007449
006494
001917
001873
005731
003931
005806
000710
005474
004296
007371
003718
004868
000331
007457
003294
002020
002720
006402
004208
000146
005664
004271
002045
005882
002422
006202
001975
006729
003373
002896
001698
005535
006362
003077
007189
002584
004423
007224
002179
001226
004309
001082
000040
007350
005800
002826
006926
000949
006190
007113
005756
005157
005451
002899
006019
003128
000569
001175
000663
001995
004179
004244
002408
004731
005637
004891
005297
004737
007202
005868
001228
004095
004140
000593
005898
002990
000889
001204
003918
000205
004721
001261
000112
002011
006083
002845
004532
003421
002197
004742
002622
003371
004092
005141
000156
005527
001248
003370
002594
004218
007329
000859
003857
003613
007437
005750
001338
006645
001488
001361
002782
001546
001570
001254
002013
002572
004856
002075
000323
000427
002208
002760
000117
006722
001829
005822
004700
000015
003116
004314
005360
005714
004443
001288
005627
005147
003346
000737
003924
003366
005617
005517
004616
005762
002401
003752
006929
001390
006627
004886
001683
001410
003446
004209
004934
000893
002767
006802
006308
000784
002302
000377
003297
006676
000560
002433
004283
007220
004690
000210
001425
002867
006173
004655
006727
001617
004374
000966
000055
001065
003756
005447
003406
004449
007474
004986
004712
005845
003626
000546
001578
006489
006355
001147
003048
006761
004401
003521
002120
002073
000149
003147
000076
000942
004694
002871
005919
000746
000102
003715
001435
006215
003682
002922
000933
004217
004735
006707
006332
000779
004413
000321
002168
000322
003026
006352
002980
000704
000845
000152
000173
003109
004926
000660
006784
002141
005283
000032
000934
003190
001388
001137
000885
000042
004765
004805
001510
003936
004574
006182
007282
005286
006823
001531
000827
006702
004235
007445
005053
005398
002620
006681
005433
006864
004548
001191
005692
003673
001168
000806
005824
007211
000792
002623
007095
001421
002606
000856
002690
004275
003428
003344
003593
000203
006438
003150
003189
002842
003261
002628
002024
005558
002230
001366
002654
005733
006845
004516
004452
003249
000426
001484
002944
000196
006519
004130
005846
007089
002426
004526
002715
007168
005062
001720
006653
003862
004753
006054
006806
000834
003040
005685
000083
003207
005991
005562
001864
005166
005885
006954
007159
007045
005159
006267
004025
001454
001372
006251
007222
001981
003632
001325
005605
002339
005729
006439
003332
000230
002526
005321
000536
005418
005328
005259
002010
000080
001327
002072
003229
006898
006880
003361
005883
004398
004256
006381
000525
004001
005523
003253
002991
003830
002312
005060
002698
000589
003828
002077
006353
002291
004260
004075
006986
002068
002703
000369
003309
004098
000596
003949
006226
003126
000533
001042
005074
006848
006046
006506
002004
003072
003738
007085
000039
006936
006076
003540
006547
001677
003820
002540
006159
006968
002508
000073
002784
007453
007130
005738
004456
003772
000200
006563
003403
004329
003563
003639
004147
004614
006319
003302
004973
002554
003158
000129
005466
000167
003089
003469
006027
001886
006762
006485
005795
004261
003580
005124
001952
000137
007289
000464
001865
002864
006675
005657
000336
003368
004203
006392
002644
005612
004531
002117
002436
003638
000728
007011
005031
004733
006521
002872
003650
003755
003519
005169
003350
003283
005149
007026
002659
007204
001959
006699
006921
003271
003533
002862
002950
006662
003679
002495
004998
004832
003011
003623
005754
006723
005661
001019
003104
001648
000252
007238
006063
001086
000279
002687
005911
002534
003683
005372
006937
004277
001799
004148
000649
006244
004450
002774
001980
005279
000328
002589
000219
002995
006684
007427
000763
001158
007101
004151
004695
000113
000459
004814
006396
006435
005680
005711
000590
001418
005972
006747
004857
001029
004317
000439
000109
007067
005869
003518
002204
000814
004692
002309
000256
005407
003027
006703
000154
003305
005616
002612
004663
004522
004723
006052
002556
003888
006193
003378
006902
005022
005950
004518
005271
002354
004103
003339
001196
005594
002409
000700
003582
002923
003599
003322
003746
004313
004956
002444
000829
004129
006017
006540
002454
003956
000402
000925
005334
000368
005819
000120
006655
001890
006787
000483
000508
001294
003237
000708
004585
001891
006114
006276
002460
005710
003979
003948
005848
007379
003719
001022
000347
007002
001909
000677
002725
001778
005830
003907
002637
000630
000130
000892
002153
007319
003304
002648
006079
004495
003491
004541
000135
003779
005696
006615
000819
003543
005601
000348
002177
004359
000421
003051
006425
007243
005676
001172
001609
002241
005153
000748
004454
001686
003637
006917
005878
002936
001104
003585
002673
005694
004769
003260
006876
001971
007080
003218
004476
001996
000855
002795
000861
006031
002810
003764
006109
002336
005802
003409
002288
002462
006622
000218
004589
005966
006419
000288
003417
000936
001518
006548
000960
000777
003887
005763
006674
005189
002618
001821
001892
002768
002783
006889
007249
004361
004821
005375
001146
002239
006116
001223
005847
004842
003952
002069
000346
005967
002696
002986
006601
003038
004675
006677
005609
004259
005070
004152
003527
001179
006171
005046
001822
005018
003441
004302
004347
002593
003699
003696
002027
001571
004393
001412
002465
000141
004463
003375
002530
006974
007446
003220
005036
004336
001756
000714
000175
000078
001237
006454
004292
004687
003793
003211
005261
007083
004900
003509
000922
000142
004812
000599
003423
002100
001703
004387
005008
007077
000918
005014
003652
003258
000162
006893
001433
001291
001894
002147
001689
004247
004500
002753
002207
006918
004545
004888
005748
005600
005823
003664
001811
000725
001199
002741
003259
003245
004623
002112
007110
001960
002146
002641
004477
004167
006689
003180
001490
001300
006272
006266
005253
001584
001382
002275
007048
006781
001753
003143
007128
004707
005178
003141
000874
005172
006197
005652
006243
006671
003202
004264
006421
000808
006763
005374
006148
002434
000682
006376
007240
003536
006737
000873
004171
007062
004420
002849
005241
006388
001761
003666
000621
000550
003204
002543
004245
003315
003166
003407
005809
002447
002148
005383
006067
000423
001912
000905
006725
003062
005547
003995
003796
004513
001386
000555
002427
002988
002597
004628
002128
002144
002250
003514
001408
002600
003288
000507
003567
003873
004021
002449
003786
005951
006556
002921
001456
006278
002206
000214
006091
003179
002038
006290
000870
005981
000024
003969
007415
004714
003314
001017
002804
004058
006824
004094
003335
002271
001332
004033
001630
001754
003837
007236
001524
007469
002655
003450
002237
005023
004111
003629
007434
001812
003151
005395
004976
006259
005764
003771
006952
003876
004661
000624
002074
004565
006111
005715
006915
000662
001701
002613
005038
007301
006434
002989
003545
001087
002722
002489
002021
004575
003321
002873
000871
002529
004902
000060
006616
006634
002184
005475
005963
001393
003214
004343
004817
006484
000745
003155
007271
004539
000637
003443
004507
005219
002523
001963
003289
004364
004471
005280
000919
003552
005312
006544
002383
004569
001239
000458
003783
001854
004268
005500
004709
003641
002857
001102
003852
001972
001140
006101
000143
000180
000587
004321
006891
000694
000517
001565
001819
004819
001808
005921
003644
000668
003029
003766
003676
006282
004484
002746
001079
002568
001986
007154
000126
001853
005114
005757
005904
003694
003484
007398
000686
004117
000868
000544
004599
000571
000634
003079
005136
006736
004779
000286
003500
005399
001668
005812
006070
000386
003014
004181
006240
006849
006639
005356
004546
000070
006479
004250
005791
004689
000441
000240
002569
005493
003016
004330
001176
006080
003554
001459
000227
007016
004322
004107
001696
003725
003770
006221
003398
005076
000909
006403
005240
003059
003434
001115
000361
003529
003377
001224
001432
004053
007260
002693
000640
006247
002369
004315
004465
004175
002471
000422
002742
001426
006979
006881
000799
001881
001446
005079
005687
006359
007057
005045
004948
001007
006738
003891
003709
000755
006068
002801
007448
004889
004678
001564
003224
000646
003938
006357
007081
005784
001056
003977
005120
006776
005489
006973
004798
001054
006220
000317
000014
002183
001820
007233
001069
005265
003573
002601
001652
002602
004016
005792
004091
003490
002714
006728
003954
002431
003495
004178
007377
006783
001556
003799
002610
003547
004684
000597
000791
000400
002945
005264
006322
002216
006790
007100
004227
001833
000174
006475
002996
002642
005484
003624
000004
002884
001113
005348
001966
005091
006087
001993
005719
003508
005071
004078
001721
002403
000456
001707
004917
006583
000598
000875
005358
006567
001637
003583
005066
006751
005276
002161
001141
004195
000472
005032
000986
001391
000887
007214
003970
000683
001601
002877
006025
004404
005943
004587
006077
006305
002651
006993
004835
003144
001874
006214
001573
000768
005560
006600
007280
003616
001049
006971
002019
006147
001561
000865
004710
000951
000155
006093
000430
007444
000490
007124
002263
003419
004833
003631
000744
002210
006133
000753
001577
006417
001231
000731
002506
001109
004453
004879
005678
006462
005298
004432
003003
001759
000247
003291
006568
005350
000122
005787
002059
001844
002847
002322
007257
003858
000722
000612
005380
000882
003872
004005
007343
006678
002799
002334
002452
004300
002023
004620
006901
001447
004560
006894
001000
006477
003000
000359
005006
004870
005099
003161
001936
002969
003091
002049
000992
001673
007393
004324
006105
005889
005647
001697
001404
001285
002910
003146
000188
007465
003542
007378
001665
007131
000974
005602
003836
000977
000461
004752
000357
000684
005393
007161
003866
002242
004786
006445
003391
007180
003902
004063
004637
004022
004489
007037
005521
004135
006842
001914
006872
002744
006631
005289
002392
004031
005777
001858
007426
003001
004323
005443
003825
000415
005543
000844
003281
004034
002284
004170
004213
005231
001905
002959
000098
002423
003618
002048
006299
001585
000222
003768
004808
001973
005237
004293
002399
001946
005428
000071
005596
001742
004781
000813
002188
000085
006838
003559
003023
000079
006260
002025
001068
001713
006168
003236
003455
002494
003934
006621
004959
005054
001154
002124
003900
002152
003355
006254
006128
005926
004572
005366
006172
000476
006003
004859
000502
006941
007036
000398
000554
006955
005158
001385
005805
005089
006923
000603
004425
004360
001716
004801
004446
000360
002571
002091
007291
004884
002764
006691
005626
004559
006559
007336
004114
002664
003693
004869
001625
002243
006768
002476
007468
005324
005212
003453
002366
003359
000250
003231
004919
004809
004730
002549
006458
004638
001114
004442
003906
004320
002684
006241
005357
002759
005969
001855
004533
001735
000374
001523
006134
003988
001269
007384
000489
004646
007306
006746
006320
006432
007194
001694
004780
006654
000733
007034
004407
004825
007241
002200
004172
004327
000356
006203
001093
000244
006927
005242
004582
002853
002103
003383
002390
001738
006555
001631
006672
003794
004394
003525
000003
005718
006683
007098
006665
005220
000351
000847
000575
004325
002956
007265
005977
004194
003068
005895
000842
001910
000947
006466
002713
006618
005021
000087
003615
007405
003544
005761
000898
001658
003505
002820
006431
000118
003333
005282
003671
001923
005277
000133
000841
001243
005783
002546
000765
004877
001613
001953
002299
006818
005402
006326
001236
000894
004189
006013
003096
005905
000325
006496
004711
005611
000924
005877
002603
006073
005218
000511
005243
001443
007136
001208
004418
002955
007290
000835
001264
006592
002598
003911
003486
004963
006969
004649
002761
006062
004524
006130
006200
001511
002352
005246
001876
000197
002304
001926
004703
000664
004681
005735
001011
006520
002880
004563
004221
001337
006853
004478
004996
000127
006704
002351
000062
006805
002933
004677
001184
002189
000810
004756
004013
000065
001245
005573
005962
003005
004428
001968
003967
001040
006938
004992
003989
001048
006041
002570
005986
001534
005753
004720
003464
006640
003759
004155
003965
007005
006028
001130
001498
004014
002445
000506
005385
001804
005401
003748
001927
000484
007299
003215
002414
004263
007421
000846
001095
003412
003199
007093
006910
006126
006825
000266
001782
000404
004069
001728
006100
006685
002675
006430
000287
001526
001215
003532
002035
000053
004758
001025
000131
004007
001268
000961
000379
000035
005888
006947
002621
006255
002439
001462
006773
000851
004922
002770
000698
001955
003881
000492
005273
002015
004523
007147
006541
002187
005338
006300
005390
006593
002762
006791
002458
007330
003896
000580
004778
005974
006442
002671
005090
004048
005858
005095
003504
004774
003325
005030
005589
005957
005125
004101
007294
006967
003331
000410
004994
002280
000292
002757
005355
000514
004102
005975
001024
003319
003390
002165
003097
005150
007302
005511
000666
006393
003592
007268
002118
001866
002394
002226
004918
004551
003043
003313
006001
000488
002747
001369
000468
003946
000411
005634
001925
004090
006205
007156
006531
004279
004306
005615
006044
004239
004989
005488
001810
005606
002579
005115
000269
007054
005109
006127
000171
004017
004824
007447
000994
000251
001364
002697
006216
002963
003882
003030
000747
002488
001583
002565
005405
004553
003167
001304
005599
000635
001324
007373
001335
007086
006739
001440
002330
001699
006549
001380
001200
006688
001081
002191
000800
006157
002974
003447
000378
004434
000613
002930
003705
001118
004520
003303
001852
000500
006230
004472
006249
000305
005901
007338
004273
003512
003867
000696
004912
003473
001059
002889
003951
005996
002214
003855
000308
004301
001920
000209
001315
005450
006444
005137
007014
002706
003203
006039
003833
003578
005458
004362
003337
002973
005538
001938
007182
003561
001276
002971
002541
001788
000956
001660
003874
004051
000271
007364
005497
001978
001295
002900
002707
003363
007461
001478
006705
003073
002861
002397
006497
005446
000161
003528
000495
003627
003675
001497
002701
001596
004725
006016
005548
003980
006606
004036
002211
004643
006074
000647
007246
005552
000316
000521
003962
006539
000048
006287
001626
003130
004701
000982
001762
007270
000390
005808
001039
001080
000547
006312
005851
004662
005144
001126
005727
002347
005436
003530
005113
002453
003669
003401
006261
005307
001097
006966
005455
001151
004893
001549
002316
000041
002358
003336
003044
001076
002907
007052
000221
004852
006716
004202
004375
002446
000971
004656
001928
001945
002221
004596
007470
001592
004702
001896
003690
005188
004876
002215
007193
003422
001122
006050
005005
006580
002278
007458
004901
000443
002619
006191
002367
000601
002134
006289
001796
001496
000432
007459
005349
003120
001791
000566
005335
005207
003437
000987
000839
001974
003354
004851
007210
001828
007478
001358
005468
002779
006337
001306
001842
003082
003198
004676
006277
001018
002279
006868
005874
003984
006495
003399
004927
001033
003574
004863
007097
000680
003883
006490
007047
004732
003238
003372
002154
003386
000268
007142
003818
000867
002297
001533
000119
000707
001969
002096
001235
003139
001840
002902
001213
006242
005156
000655
007169
006413
001494
001455
006178
005432
001298
000518
007390
003262
004878
006551
004823
002686
000730
002977
007429
007258
007071
002914
004468
003722
005990
006192
000665
005925
003609
004739
003731
005118
005236
003467
005389
000610
003066
001616
007276
004776
006364
004883
004618
003006
000877
001989
002676
000921
004977
003420
004775
007076
004558
000788
000602
006905
006208
000721
005853
001218
000872
006992
005674
001501
003865
006113
001392
001901
003074
005379
003606
006097
002958
003458
005703
001341
004578
003586
007476
007151
006422
000656
002614
006010
001590
000883
003310
002850
000380
006292
000562
000830
000235
002463
003742
006229
001970
005633
003935
001253
004433
006579
004157
005581
006143
000568
002883
001107
006463
002054
005557
006801
000719
007175
006304
005167
006066
004969
003880
005490
002547
007144
004441
001481
002524
001605
004907
001450
006451
000027
004480
006663
001060
006928
007059
000177
002285
002709
007324
003687
002327
006367
004530
004439
004008
000832
002848
001817
000228
002521
006151
006162
006482
005209
005669
007385
002997
005359
005607
001724
003342
000928
005347
002909
000878
003320
003611
002708
002539
004899
005797
006330
003617
001055
006931
002575
000281
001466
001451
001499
002395
000121
005930
004493
002296
000105
005912
006228
006456
000260
005936
005534
003424
001202
004936
003046
002306
000528
007259
002270
003829
002055
000229
002365
001933
000124
005724
005295
004307
005668
002535
000534
005152
001258
005551
006123
002101
003111
001434
000417
001739
002821
003572
002790
003885
003717
006903
003788
002694
001279
001814
004773
004506
004018
006565
005740
005100
000907
005686
005368
002859
007178
003148
000021
002246
004200
001035
003594
006878
003802
005186
001283
005879
000657
005081
006866
001005
005961
004064
000549
001638
005260
006081
000169
006383
000170
005196
002596
003892
006303
003579
002609
001947
002459
001846
005579
005931
002084
000838
005744
004914
007298
005536
002912
003819
000515
005700
005976
002903
003831
003070
006642
002325
001323
004400
001357
004955
001463
004253
007146
004294
003277
001319
004697
003651
001727
003531
002435
004622
006830
002632
006925
004818
004777
001755
007115
004503
002424
001712
001641
003654
001768
004528
004096
005364
006652
001541
006834
007407
001554
007084
003324
001525
001736
003751
002028
000389
006284
002943
003813
001717
000099
001495
003269
000467
000879
003311
001405
004666
003133
004180
002830
000107
002041
004288
000564
006167
004749
007313
004372
006433
005411
001567
006131
000372
004881
000449
007435
004020
005893
005456
006407
007122
001153
002504
007188
003488
001460
003110
005813
006700
004149
003086
007153
004187
003012
001897
003814
007335
000093
005052
007264
004440
002047
005760
006576
001608
001188
000614
002321
004160
006861
002264
005850
003200
002235
005779
002577
003426
005087
007479
003763
004511
006142
004607
005881
003721
004549
004766
006360
004510
002836
004141
006137
006815
000820
002599
001422
006743
005899
001958
001381
005161
002064
000164
003118
000692
006636
001581
005311
005176
002805
006281
001532
004504
006693
005472
006441
003558
005085
003843
003402
004355
003903
003780
006755
001560
007119
002393
000341
002938
000241
001586
005530
001787
001225
003343
005244
007116
000354
002616
003273
007031
003777
002512
007207
004479
000185
000176
003812
002378
000627
002789
003095
007244
001619
001915
004788
007121
004850
006306
005365
003757
007229
005716
003996
006623
002166
006119
000786
005720
002092
000371
006585
002234
004255
007312
007150
001863
000531
006694
005825
004577
006525
006664
002099
001519
001155
002966
001098
002262
001916
004982
000249
003241
000857
000016
000457
000718
004613
006088
001627
003122
006660
004862
001521
006644
005173
004621
000479
002869
004657
000145
005935
001666
000884
002748
003164
007066
007419
004038
006139
005183
002828
005043
004460
001732
000075
003806
005107
006959
004214
004984
006557
006648
001875
006311
005913
001900
006883
004840
003041
007248
004952
000255
007173
003957
001438
004674
005480
003932
003550
002595
002081
000764
001749
001588
006599
002497
000822
003129
002514
002905
006511
005726
003033
002267
005354
001841
002583
007158
004043
007389
005160
005345
006829
000482
004626
003668
005025
007368
004121
000734
005658
003548
003971
004041
000908
003172
006350
004109
004831
002218
007219
002653
002308
000509
001165
004813
005284
002332
000981
005145
000796
000355
005247
001921
001363
004340
004916
004249
005086
003810
002193
004536
004333
006735
000466
007388
002385
000790
006293
000450
004287
005223
001690
000334
005420
003034
004508
006501
001998
003890
006983
007440
002485
005712
000689
005540
002318
003994
005414
007018
002892
006740
000577
000046
006560
001790
002745
005292
006624
001026
000776
002634
003084
006349
005386
005232
000429
003501
005106
002981
007051
001062
006586
002948
000937
005174
003910
002605
000213
003659
004908
002700
001935
007213
003571
003737
006625
005412
002160
003470
006584
003485
005088
002261
006002
005163
001452
007184
004708
002174
004042
000557
000959
002576
006647
001862
005618
003576
006345
006692
000362
001539
002551
001809
003472
007087
004035
006831
002681
001730
005854
007318
005268
002941
003937
006450
002470
005170
002839
000166
002802
005129
001250
001210
002863
006667
005040
000088
005004
007167
000758
006965
004793
002924
005287
003031
003922
002307
004691
002734
005978
001252
006744
006085
004205
004030
002929
001100
003842
001249
004740
002953
005294
006164
004002
000403
004365
006538
003854
005221
002679
006879
003255
000498
003939
005563
006280
005638
004987
007253
000084
007042
004826
004258
003242
007404
005016
006481
006890
004395
004354
004653
002788
003162
000622
006659
002806
003775
007091
003555
003749
001105
005041
000653
005526
001907
000860
003264
006932
000759
001600
004609
007273
003663
006875
002868
003827
001714
001746
006132
007163
004860
006235
006774
004012
003250
004334
003152
007217
001161
002750
005717
005773
006163
002287
006561
002029
003054
006387
007358
003603
007361
005682
002743
000574
007467
007075
002778
006414
003132
000648
002932
004192
005999
002429
001343
002809
003263
006612
004595
004608
000807
002137
004045
004525
007310
006617
003400
000437
000825
002102
006095
002677
001520
007078
000243
002931
001383
001219
004600
006038
000445
005708
005084
006217
005168
000050
003551
005391
004925
005737
004464
001431
003684
005310
006078
000455
006160
000955
006394
001160
000803
002140
001775
000002
002786
003950
006721
006550
003316
002269
005532
002212
005225
004594
003986
005154
006283
001307
006961
006573
000237
002818
004237
006754
007171
000963
006810
004767
001346
004645
005162
005745
005629
002376
000902
007001
007201
001377
003457
006546
002875
005938
004073
006887
005108
007027
002498
000375
005083
004858
006049
005344
001030
000849
000751
003416
007003
004348
002970
002044
004386
005269
001569
001800
002201
001976
005126
001682
005555
002082
005492
005559
007015
002030
006919
004284
001173
006710
005001
003216
006257
006713
001119
001537
002536
001479
005227
006238
004066
000012
007433
000929
001004
002277
004761
002373
003064
003762
006365
003334
002520
001919
006271
003689
001328
006468
003506
007475
001872
005367
000927
002692
001411
007392
003869
001708
006152
003863
002787
004911
001067
004562
002001
005759
006590
002727
002766
006149
003175
006984
006338
000350
004978
000094
007191
002008
002213
002257
001016
002749
006233
000385
004556
006275
005200
003474
003436
003790
000629
005821
005182
005044
000465
001482
000460
006715
003240
000565
001527
001262
001241
005262
002898
003025
006641
005454
001752
007275
005337
001164
003121
001476
000329
003708
003296
001280
004768
002108
003272
000172
001867
000420
001748
000293
005723
001646
005944
003360
005632
003998
004570
005514
001979
004056
000409
003919
000477
000980
004664
007366
005592
005457
002131
006141
004074
006718
000967
007008
006270
002852
002878
002947
003712
005369
001741
002939
005416
006302
004803
003127
007303
002386
004683
003328
003983
003791
004568
001465
005486
004406
004910
005622
002879
006103
005082
006912
006951
001064
007349
004512
006194
004164
000304
001785
004188
001943
004855
004338
000823
004834
002040
000301
004067
002061
004763
000134
002834
003511
001589
005329
007416
004061
000434
005544
006446
005003
003088
007375
006595
001073
002544
005187
003523
000451
005561
003832
006153
004619
004052
001378
007308
003672
004154
000675
000978
004254
001838
000626
005449
001550
002169
003452
004659
006369
004939
002034
006336
001884
004110
004379
005567
001480
002670
000254
005072
004904
006188
003461
007413
003135
004057
004346
000388
003674
002305
004882
003510
003584
000781
006819
002773
006572
002000
000558
003035
001913
001611
000370
002733
005341
004688
003642
000123
004647
004716
001149
001303
004416
002775
002110
004037
000263
004494
005866
006535
006534
004280
000475
000826
003069
005995
006187
005953
006597
001680
000975
004199
003661
001805
006341
007431
003974
002457
006043
005533
003094
007322
003298
001353
006827
004198
005574
005590
003385
005192
005867
004319
005205
005063
000911
000594
001984
000572
004547
007050
004370
006453
005009
003928
005789
002624
006724
004342
002656
006856
006757
000282
005884
003765
006537
000732
002815
003394
000543
002552
002854
006253
004743
001803
000280
002724
001398
002412
006651
004790
004145
003656
001322
003106
000639
003156
006752
002665
001517
003124
000641
007342
005138
001644
004754
002228
002934
001505
002145
004383
003092
000232
002119
001271
004543
000312
005852
006177
000435
003103
001536
000512
003899
002897
006578
002391
001072
002474
001163
000132
000944
002483
004757
006812
003568
000591
002355
000501
003432
006942
006045
004816
005954
007185
000538
003716
002018
003413
001572
005198
001384
003396
004648
003358
005064
005477
001419
002353
002182
007262
006169
002739
006930
001709
000067
005643
003251
004591
005752
005037
005442
000314
006140
002076
000545
001992
007232
003955
004738
002254
007143
003503
002561
004431
000774
003785
000778
001672
005749
002777
001558
000939
004219
004316
000848
002626
006786
002162
005092
000628
002283
003556
006780
005027
004133
000106
002484
000246
002440
001983
000089
004402
002164
005413
006379
004299
004759
002016
005860
000283
003160
002260
007359
000333
000470
001676
000115
002007
006946
002178
005422
005728
007226
000358
006294
002501
000412
004848
002756
004682
005545
001704
001344
003884
001777
004944
001579
003598
001580
000910
000559
004972
007218
001330
004921
007317
005516
003993
006855
005164
007436
006334
000077
002012
003275
007307
003798
007296
005336
004579
002135
002053
006571
006268
007107
006464
000007
006970
007397
003476
002972
006212
003268
003959
004729
003889
007019
005876
006896
005645
005291
004139
005238
006858
003816
005838
000896
000957
007425
006940
001145
000486
005342
005810
004215
001232
007352
000499
004363
005382
001718
003445
001562
004112
006195
002371
003522
002658
007023
005827
006522
002329
001941
002917
003308
003022
000462
002290
003329
001503
002807
002838
005211
000068
001879
002381
002356
004225
000340
007417
000535
000345
004417
005075
006779
003702
000206
000852
002480
000181
003800
001674
003844
004169
000886
002855
002349
000057
000780
001120
003431
006527
001339
006833
000720
006057
004745
001675
007263
006528
006852
007245
002582
003099
004068
006042
005743
006695
000031
001774
000742
001255
000447
002017
003960
005782
002935
005048
007420
006051
001930
006397
000063
006198
004555
003856
001094
002492
007127
000158
006637
004837
005222
004344
000480
005586
003057
006327
005580
006885
005665
002361
003803
007477
006427
004567
001529
006658
007088
000876
006483
003734
005816
001949
006273
000159
001342
004015
002952
005907
003640
005640
004174
005210
006512
002728
007351
005098
005467
006994
007111
001745
005537
000969
005193
004437
005546
000140
001740
000984
005790
003691
001710
006948
005195
001458
002870
006348
002585
002364
005577
004581
006279
005604
002106
004392
006701
004185
004150
003462
003247
000740
006789
003823
006996
001334
003145
006626
005722
001871
007326
003169
005554
001340
006343
003817
000757
005206
002732
007055
002410
000054
005688
003018
005864
005035
005462
005322
001765
000029
001169
005134
007181
001286
001887
002032
006771
004795
004023
007408
007012
005706
003839
002079
005300
004954
005441
003352
001999
002730
004748
003451
002428
001084
005013
006409
002926
000096
000353
005330
003444
005181
002203
003575
002927
007157
007155
005502
000248
000801
003600
005799
006760
003282
000592
005683
006772
004945
000671
005903
001043
006335
002217
006499
005513
006816
002949
003112
001670
000284
000471
002060
006358
001045
004497
003002
001314
001415
007284
001551
004672
000584
001302
000717
000752
004308
000999
004979
001597
004557
005801
002639
007247
005698
004895
000291
006657
001954
004248
005116
000642
001436
007402
006686
003060
003968
005302
002587
006448
002223
001823
002667
007297
007187
005959
003405
001509
004270
001413
003248
007041
003914
003131
004467
002550
003105
007039
006958
007007
005654
005677
000270
006089
006997
007386
003767
000296
001649
006635
005105
000253
005984
002319
005024
001395
007105
004896
001061
000795
003778
006886
001780
003824
001656
001317
001461
007394
004601
005101
003312
001836
006099
005942
006950
007152
004224
004894
002808
005739
002581
001041
006239
005872
004220
001515
001052
003142
004930
001508
005721
006286
004436
006712
004744
000238
000604
003021
003397
001182
005758
001409
001582
002913
001309
001659
006166
000762
000491
000530
002685
005409
001197
002754
004750
004100
001190
000478
002244
001194
005331
000561
002674
006469
002272
002080
004396
002151
002370
001138
001516
005425
007255
005057
005135
000503
004142
006793
000843
002063
006731
006296
004116
006632
005304
007176
007286
000661
003680
000005
004455
000036
006943
000352
003822
001786
007333
000103
005476
007432
005184
007399
003114
000821
003415
004424
002814
003389
005831
004087
002513
003186
000809
004867
007160
001354
006075
003388
001075
001159
007114
002388
004724
002094
000695
005314
004024
003538
002298
004305
005610
007072
003168
006328
000217
005104
006440
000523
003182
002578
004762
003487
005139
003393
003153
007409
001764
005583
004352
006682
002205
003480
003468
001336
002954
007314
007328
000395
006399
003653
005400
003655
000678
003826
000444
004377
004535
004358
006518
004679
000297
006124
004561
002313
005473
004588
002574
002229
004466
007096
003804
003075
005325
004006
000276
006145
003943
003365
006666
007138
004282
003925
005299
003860
000727
003853
006841
007203
001193
003845
004606
003695
007123
006745
004887
004388
001655
004272
002819
006225
000028
005059
003496
006628
001221
002133
000204
001512
002983
001878
001888
003379
006472
002379
007174
007266
000487
005896
004182
003815
006199
002893
003649
000738
003244
000797
004784
006008
000494
000416
005635
001793
003208
007406
007033
001942
007129
001614
001242
000833
006356
002985
006552
000632
000344
006058
004367
004193
006457
006759
004378
001096
003193
004211
001316
000104
000277
005768
005318
003429
004993
005117
006412
007311
007281
004262
007252
002874
006245
000318
006792
005445
000831
002282
001108
000712
004212
004369
002333
005439
003440
005894
006690
004376
006873
005140
001351
001278
005525
005987
000670
003136
002817
005908
003228
006390
001333
001375
006154
002876
004040
003926
001485
006415
006650
003524
002136
006180
005695
001576
005775
002236
000713
002841
004499
006594
001492
003577
005993
002925
000938
003125
006603
002097
004168
002522
006656
003425
004242
003076
001859
002473
001470
000300
003140
002350
006775
005520
004304
005863
003648
001207
006502
001001
006179
005732
001387
003726
001667
006836
003782
002856
007380
006344
006004
006486
001416
001729
004937
006687
004252
003274
001792
006317
002666
000901
000529
005597
001647
000290
007046
001851
004093
004947
005828
006750
005713
003408
002098
002559
002904
006798
000072
005250
003700
006258
006209
002735
003246
006514
001639
005584
001205
002469
000275
002455
000548
007025
006363
003991
000442
000850
003477
006211
002560
001543
006374
005650
007269
000615
004251
005216
003254
007073
002827
007192
003667
004736
001129
001181
004962
004847
001313
005742
006643
005002
007410
001275
001598
002965
004974
005841
001356
005426
007065
004885
004517
003875
006953
006461
007198
002209
003270
005576
002380
006817
006011
006850
005836
000749
006234
004119
004234
004136
005829
000285
006118
005444
004032
005251
001273
003698
007135
005968
004785
005985
000540
004830
006982
005077
004997
002798
002538
006526
004176
000772
001651
003560
000242
007293
000693
001770
006156
004942
007305
003353
001083
004726
001473
002702
003045
004246
000373
003620
000576
003953
000913
001396
007315
006897
004184
005491
001244
003905
006263
000785
001493
004391
002109
006575
004722
000446
002225
005033
007348
001203
004611
005887
004243
006505
002825
006437
006574
004644
006516
003601
003913
006424
004384
004232
004410
005437
005505
001263
003539
001594
006104
004802
003170
001031
003570
007132
000579
001784
003895
006697
005417
005512
003036
002315
003704
002672
003177
005266
006870
003898
007422
006862
001948
004492
001850
007102
004892
000160
007443
004285
005891
001260
006084
004397
005165
005588
004430
007118
000997
006649
006018
006673
001994
003183
002567
005844
003565
001797
003835
004409
003348
001320
003724
005078
002844
001050
005684
000376
000163
003192
003549
003499
005675
003138
005771
002573
001731
007206
004957
002014
005906
005306
007412
005541
007400
005699
006082
006933
003107
004070
004636
002710
001806
001776
004054
001940
007288
003058
003625
005672
006372
003861
003078
005047
004631
003494
002245
000320
007376
006944
004820
005910
000567
002198
002558
001389
002911
006837
007369
002002
005515
004849
005423
002608
003607
001349
007403
000815
002772
004534
005123
001679
007032
001439
000991
002657
001669
001827
000524
003636
001139
003042
000010
001347
001103
001144
002811
006474
004923
001420
002479
003225
003870
005862
001889
005388
000983
002663
005320
005624
003050
001256
000869
003841
000607
004953
001265
003137
002604
000706
006696
003481
006630
007327
004965
000824
003234
000915
004076
006589
004124
001127
001350
002170
003801
005255
002555
000895
003614
005897
000837
007069
001008
000144
007300
006788
006613
002259
002542
006155
003927
006822
001274
003212
006316
006899
000138
003195
003677
007235
003773
001379
005769
004951
003745
000151
001610
001885
005928
000828
002192
001734
005518
007140
003380
000659
004949
004281
006069
000189
005815
005933
007228
006420
003999
001491
000761
000201
005435
004298
006990
007010
000267
004554
003418
001643
000220
005387
006465
004502
003686
000100
004639
000245
000652
001136
000702
001893
000438
005701
004804
001843
006135
005603
006447
005278
002331
003707
001116
004990
001715
005122
006999
004474
004085
002719
002803
004120
004482
003657
000183
006460
002797
004797
004191
002993
004580
002324
005248
001345
004985
005316
000051
005508
003108
003963
001951
004880
005404
005833
002481
001540
002662
001705
001133
004011
006851
000272
001178
003188
003184
007357
004791
000672
005252
004153
006094
005132
001284
004412
002472
004527
007471
004783
001815
005121
001622
001607
005112
004905
007230
004385
001192
000052
003930
006264
004332
007082
005621
005313
005245
006956
002769
001111
002442
004861
000513
003628
002341
003821
003591
005653
006500
004461
005642
002704
004414
003520
005796
003439
007450
001003
003809
005941
004044
001212
006036
002005
002026
006962
003795
001157
000783
007452
000532
002503
005226
004980
001020
005927
002396
005880
002407
003357
002629
002792
003909
005151
007099
007231
001091
000339
000996
004105
007347
000769
000289
005840
003442
000233
000381
001654
000236
003871
007137
004077
005234
003191
006756
006777
000326
002736
006832
003920
006765
002405
000303
004079
003347
004351
007320
003411
001587
002185
007295
001988
004995
007346
006408
003483
006803
005614
001046
004328
005175
003362
002451
002158
000044
006297
001166
006373
000448
003449
001744
003710
006176
004799
002085
003972
002901
002919
005452
003349
001209
002566
004844
003729
004278
002711
005690
001906
001365
001355
004670
001832
004602
000182
006523
000225
002895
005463
001270
002227
001135
002660
005203
003515
007043
003761
001513
000428
006443
002176
007456
007283
002387
000611
000553
005323
000114
002998
000261
006611
002652
006860
000023
001522
003032
000723
002088
006988
006530
006517
000215
004084
003602
005370
003013
002247
001311
004335
005119
005130
005564
002940
000463
000058
001198
002233
005427
001259
002289
004627
002718
003374
007250
000030
002851
000705
003364
000904
001277
004641
000688
003293
005111
002111
005351
002067
005704
004046
005839
002338
002022
007053
001899
000095
001603
004592
006719
004960
006609
002776
001868
000812
003256
003635
000578
000573
000608
001287
004097
000802
002252
005956
006510
006185
006150
003395
005747
005585
003678
002507
004898
006237
005900
002832
002661
001427
006854
006795
005503
002404
002705
002505
006125
004381
006072
003958
005315
002143
001015
001650
004083
007029
005213
005620
005285
001002
002588
003430
003300
003975
000165
005591
001489
001053
003901
005914
001148
004632
007274
003252
001044
000804
007070
003811
006476
003743
004289
007060
000436
002238
005681
000061
004693
001506
007166
007212
000771
004233
005955
007370
001099
005524
000066
000770
006030
006426
004604
005707
004062
001401
000617
003369
007451
000407
002737
003209
003929
001150
005039
004004
000311
005765
003535
000006
002419
001407
002344
004072
000914
007372
002240
001414
005020
002758
007079
002691
001880
002490
007145
001074
001898
003498
004544
006401
001624
001142
001092
002127
001475
002793
004538
002515
000309
003466
006920
001156
000367
000481
005875
005644
005146
002326
001766
006668
003797
007355
000638
002248
006545
003159
004597
002487
004991
001967
004584
001962
004741
006071
006423
005430
006591
000043
004266
007278
007177
004118
005339
002125
001010
000853
001848
006391
005097
001528
002199
006385
002726
003747
003010
000863
000018
005373
004161
003622
002411
005214
005239
002729
003478
003541
003382
000644
001125
000551
000952
001507
005939
002418
003338
005403
002553
001367
002224
006835
004204
003590
005924
004699
001036
001684
006370
006371
005397
002528
002607
000383
006513
005326
000034
006507
004728
000262
004654
005464
001640
002837
002222
005994
002335
001877
005746
006096
004669
002545
002630
001743
001961
000038
006295
007068
004928
006122
001352
003733
004003
005068
003276
004027
005982
002885
005415
004828
007221
001825
004486
003588
006963
004897
002752
005267
001445
003239
001990
005920
003017
002031
004794
006503
004890
003265
002962
005734
004408
001266
000570
002130
004755
002519
003266
006351
001575
001700
000985
001692
003665
003789
006991
003516
003605
004946
002688
005171
001723
004871
000539
005256
004134
005343
001312
004999
001908
001128
005235
007120
005056
006813
005110
006055
007199
000735
003194
000618
003534
005886
007063
002116
006136
000454
001633
001272
002763
007391
004571
002273
000995
002785
002402
000310
007126
003279
007165
005804
001211
005319
006964
006554
000153
001847
002286
001348
003052
000836
002406
006368
003776
004162
004915
004419
004123
000798
007108
005945
000816
002978
001801
000082
005051
007383
005392
001233
006596
002491
007323
003526
006467
004909
002105
006608
003171
004521
000194
004183
001400
005786
006972
005471
004481
004943
003174
007049
002992
002881
000327
004366
006005
000091
002464
004448
002894
002196
000431
003502
007223
005131
002683
006610
000207
006181
000330
005494
007418
002532
000259
002984
006976
006874
006742
006909
000022
005656
002292
003660
002695
001034
001201
004822
004131
002150
005767
002430
006620
005923
002636
002999
005257
006274
005960
001751
006767
003589
006764
000147
002346
007331
006794
006400
004158
001013
001121
001882
002731
001047
006758
005011
003893
005015
004009
004650
000866
004642
004713
004350
002813
006006
002908
001296
002640
000302
002039
003711
004207
006536
003564
005224
000998
004610
000335
004961
004872
002946
006196
006405
001737
000001
002078
001329
000679
003633
007035
007460
003196
000537
001152
002548
005361
002860
005155
000880
002461
005190
006404
006888
001702
006186
002274
007279
005308
001290
005065
002633
003280
003834
004509
003878
005055
006117
003792
001632
000681
002071
006847
006720
005482
002249
006914
003219
001965
001750
000485
003098
005270
002070
001174
001628
001368
006605
006939
004186
004222
003163
005007
003597
006680
006480
005811
006734
006384
004734
003692
003864
006488
003697
002132
001171
001106
005667
001123
004469
006804
004236
002906
007472
003912
002564
005199
000136
007360
005778
007017
007170
002627
002328
004931
002340
003992
005258
000418
006007
001839
000294
001869
003205
000223
002846
001711
003723
001903
007196
006389
005293
006065
003178
004537
001441
005378
003566
003055
002050
004505
004704
000425
001606
001449
005598
002432
006587
001763
002138
002295
005843
004829
002159
002475
002149
004573
000881
005073
004137
000767
005376
004050
005630
003701
005363
004501
000964
002833
004081
000199
007387
004806
006086
004353
000917
006770
003318
003619
000186
002163
002450
006766
003008
003808
002066
005026
000364
005485
003233
002115
004127
004564
004089
000020
000609
004938
007004
007309
003232
001023
002310
006459
002337
005595
006012
002057
006907
005570
006265
002771
004326
002181
006748
000940
000945
005870
006000
002232
007190
001394
006201
001661
000741
007237
003009
002891
007040
001222
001373
005631
001027
006248
004810
000366
006491
002886
006808
005625
005578
004291
005509
004665
006904
002220
007205
002982
001548
007112
006980
002342
005837
000000
002477
004427
002751
004265
002425
004445
004771
004924
004228
000948
000097
006022
000148
002374
005461
007125
006726
002689
005751
002089
003754
004746
000520
005034
003688
006269
007162
003015
007285
006361
005487
004843
004660
003173
001230
004099
001544
006382
007216
004080
000854
006325
007058
003435
006749
006115
004576
004807
005080
002499
005670
002646
001566
003387
005215
003990
001467
001227
002231
004421
002580
001794
002500
003117
003019
000090
001722
001604
001781
001183
001195
006252
005948
003947
007134
006871
004470
001371
004132
005050
001895
004104
000690
002359
007056
005459
003433
004190
004839
004122
001310
001006
001442
002740
004216
003517
001089
007339
000605
006032
003007
006708
005127
000332
007304
003769
002531
001216
004459
006222
006826
004403
000563
001599
006009
005421
006509
004487
005949
000794
001124
003056
004747
000307
001186
005448
004717
004405
004540
000013
004841
004206
004390
004640
001360
004438
003090
002086
006711
005973
000337
002511
006354
006224
001824
004173
002493
004223
001918
001856
001807
006843
005542
005143
003356
002194
002062
000306
003942
003067
007141
002478
004815
001826
002384
001771
003492
000970
001924
001457
005663
002156
006416
005568
005179
003438
005639
000424
000342
004144
001557
003997
007149
000715
004903
007044
000811
005550
006846
007438
006246
006183
006863
003774
003807
003569
002509
005305
005504
004968
005834
005201
002937
006570
003945
006913
002525
005992
002301
002987
002219
004906
001071
002058
003465
006706
002368
006867
005892
000392
004727
005419
000973
003489
001362
001816
006288
003740
003805
005736
000962
000184
000636
005406
005842
002517
001180
001695
006892
005971
003307
000397
002611
004715
003071
003367
000709
000384
005651
000687
005965
001769
002840
002716
006814
002046
004685
003230
002303
006321
003134
006820
002680
000086
003063
004800
001134
005539
005495
006324
000069
005028
001772
006014
004686
006333
006056
000726
007195
004276
002915
001535
003750
006048
003206
001417
006844
000216
005197
005249
000711
001956
004498
003848
000585
003459
001982
000150
000414
002415
005333
001292
006223
004933
000382
002114
007172
001620
001957
004166
003908
005755
004680
001902
001090
004920
003113
004311
004970
006386
001977
001402
001719
003024
005671
000299
003940
001486
004201
002781
004515
004368
003727
006542
001504
002976
000669
003897
003720
000667
003985
006508
005496
002268
002466
001376
007401
002918
001944
005522
007061
007239
006064
006524
005296
001552
003223
005180
001326
002791
003471
006436
005501
001991
000993
003781
000756
002712
005648
006614
001240
006207
001321
005384
006839
001012
002129
007109
001635
004586
006807
000729
007000
001706
003101
007038
004827
001618
002300
006977
006059
003840
004138
000736
000516
000935
005997
003093
001077
004108
001246
002669
003553
004310
001359
005012
000453
001662
007186
006455
003463
007340
005826
001831
001514
006029
007200
004950
000258
002717
000064
002518
002682
000231
005770
000025
006581
006629
005381
001502
003384
003381
001143
004566
003744
004163
003351
002502
005655
002823
004435
004760
007092
003643
000224
001760
002348
